F 1850.0 1897.0 -2.5656340004316647
F 1864.3017146809277 1846.587393205288 -2.5528306669496166
F 1865.910554824176 1849.3594083144433 -2.552827613695986
F 1866.987534464521 1850.9634687439589 -2.552982034380389
F 1867.8342759828372 1852.2273844433253 -2.5533594783613482
F 1868.5248974224326 1853.2181760997128 -2.553765250730815
F 1869.3005646728336 1854.010202186327 -2.553962371946632
F 1870.0857399259132 1854.6732361530862 -2.5540883911140577
F 1870.9160676325585 1855.2827139656624 -2.5541603874550063
F 1871.8046347976428 1855.903036860775 -2.5542219846643053
F 1872.757888191408 1856.6007172859797 -2.5543974368365507
F 1873.818259417212 1857.286337598546 -2.554409412917857
F 1874.9354547574922 1858.0427305060628 -2.554485921302121
F 1876.0799828939978 1858.8048481006063 -2.554595168464325
F 1856.7713200879296 1846.9573506508084 -2.5541005424170327
F 1821.8862545487161 1827.0647116226828 -2.55573129426021
F 1785.629096371038 1806.3299423968003 -2.5533657976860775
F 1749.0251125621364 1784.156729578386 -2.56047382757102
F 1749.2143029729527 1783.8790598964756 -2.559384229754594
F 1713.9030125575323 1762.2814417553377 -2.5613760777215013
F 1677.7286079276416 1740.2165798052845 -2.561670759738369
F 1640.383550136879 1717.4998096577285 -2.563695983929823
F 1602.3125433774064 1693.6142179271064 -2.56568020086549
F 1602.0614534424071 1692.9809837736686 -2.565741486491621
F 1565.2825938126084 1669.5119759589847 -2.5646951547442467
F 1528.72821854339 1646.5667671705908 -2.5501504946937272
F 1530.258506952885 1646.6876428439718 -2.5556140218995154
F 1495.1597494012935 1624.2643587090824 -2.555940582212201
F 1459.2324243815815 1600.8425046922746 -2.5603931938905826
F 1422.4491655922225 1577.9684017697368 -2.561851466737793
F 1386.833398020119 1556.1128372538217 -2.5545971267357506
F 1350.4863302787724 1533.5309006207299 -2.5460109997179052
F 1351.5786708777632 1533.6283560778138 -2.5498328383434896
F 1317.4138631521923 1511.3658911191928 -2.558175574670659
F 1281.880353176379 1489.4787755587186 -2.5511279647082863
F 1246.5390742152147 1466.9917060433 -2.5507729565797606
F 1247.6825616860665 1467.0854775798234 -2.555239460684358
F 1213.324877185998 1445.7391230259398 -2.5653618874909543
F 1178.0792298780857 1424.7160265239927 -2.564934770951039
F 1142.2120626458227 1403.6247289321225 -2.5646974870116814
F 1106.362932203578 1382.1359314868516 -2.5708470984739584
F 1106.7688629778554 1382.304190218669 -2.572513358595487
F 1070.9549251179542 1361.9779776865262 -2.5745268710721754
F 1034.3515237930378 1341.3141598055834 -2.570726426720625
F 997.2123469926945 1319.9520701749514 -2.572297359480608
F 996.8784698455349 1319.822005320872 -2.5748849910049625
F 960.5823072824699 1299.0557374816728 -2.579067160575352
F 923.3936912406509 1278.478080454601 -2.5801381932520098
F 885.323840138395 1257.1506472496212 -2.5791247811836397
F 846.9080754722704 1234.7124069095403 -2.584760904898707
F 847.2349280492824 1235.0578133447218 -2.5895883199173975
F 809.9163257065051 1213.9862437059405 -2.5932378776510774
F 772.2921392235698 1193.1479224178036 -2.5983180444108567
F 733.4493386465462 1171.0607241505252 -2.598707653061778
F 733.6386955748937 1171.1745396347628 -2.6061083875040194
F 696.7092853553706 1150.8008222243031 -2.6168014791010332
F 658.6723704602434 1130.1667869668254 -2.6259438809620947
F 620.1904020039256 1110.074019325145 -2.6307035111071806
F 620.4263070070026 1110.398177003406 -2.630876673590512
F 582.3754378189919 1090.161959728724 -2.6328070041975495
F 544.5286442862446 1069.9733426910675 -2.6378751575979953
F 505.5908203259429 1047.7696059232792 -2.627541965268453
F 469.21167298088994 1020.2429197416036 -2.592282020908944
F 469.10857208483895 1019.7604929782983 -2.606768273558899
F 431.89298678868784 996.5219906189475 -2.5103338635672032
F 397.27531964000605 970.6489964666249 -2.4028830975429387
F 365.53288162646686 940.1585935695124 -2.3092806410325166
F 336.7016161557303 906.6943862344756 -2.2156755029370685
F 336.77295949656383 907.0875412027993 -2.2179788392398105
F 311.2174321375773 872.0379207182796 -2.1237203994608858
F 288.0469289969119 834.3911198665472 -2.0124773832382994
F 270.2654594132563 794.6012881812077 -1.8952108648192434
F 259.0127544739385 751.4279040777169 -1.7968078532525475
F 259.42069553617966 751.8149380672479 -1.7968090409115185
F 262.931321933804 705.0884374306114 -1.719770968819502
F 267.81602067228687 661.09912769168 -1.6140125083588657
F 276.06375860452044 618.9516583439516 -1.5357998421113137
F 274.943268475003 619.6042561078565 -1.5073216096797648
F 281.8808487653994 580.5704141943088 -1.391631242169557
F 293.3082403110129 541.4338873392093 -1.2522833192636964
F 310.1875386889424 505.6641301484902 -1.1355023793456196
F 309.09996889924764 506.3490073937502 -1.1280122801522596
F 329.57331894521957 472.81701545316105 -0.9743948730411578
F 355.3706890202909 445.79192480314026 -0.8767228513497165
F 384.9180851507954 420.9236663940196 -0.744609982162348
F 416.73872168579925 399.84278427354855 -0.6329675730108568
F 415.91646286564054 400.28769477834123 -0.6255464912563782
F 448.52566200438827 383.6338040900922 -0.46834634515205265
F 483.41526513931905 372.3495616859428 -0.3706359454871957
F 520.3286537501388 363.22640112484385 -0.2363361788878473
F 518.1644497080407 363.1767664791044 -0.20404388012487162
F 558.8499446375754 356.3189806728433 -0.11666557291548818
F 600.0312524378452 350.8264083180361 -0.044280466684297526
F 641.8022744292101 347.70980580951476 0.002698881572499978
F 682.9811444219881 346.80796694262244 0.039629877688405646
F 682.2412606766627 345.7816445494715 0.045499731474353045
F 723.2435771419056 347.32901118840414 0.04982694587044545
F 764.6209790789231 349.05858987946624 0.06341923393376536
F 807.3576888966454 351.5980694147209 0.07002798459639292
F 850.108879705355 354.6322294850504 0.067358130736066
F 849.0690344852599 354.95982124140176 0.05866443922034614
F 890.2965068707944 357.54263357112785 0.052319791494341406
F 931.4365066148073 360.44981205513005 0.05365060234502206
F 974.4283616876739 363.5747488367107 0.0664082218709865
F 973.3304778095462 364.04860396289604 0.054673669519341495
F 1014.9933772360955 366.84958815085633 0.05324378829833698
F 1056.9390765505666 370.3608534984618 0.049761129621520794
F 1099.2320644460362 373.8673898530165 0.05230311182945213
F 1143.3128980739007 377.78670826131724 0.06676753707039884
F 1142.5473245463675 378.6731425204419 0.05442102205603483
F 1184.0750648986025 382.190817734487 0.05390600505521803
F 1224.915569375158 388.3711252492706 0.08251969954632221
F 1264.8365312323447 396.50469531103 0.15165508957405427
F 1264.1571114598437 397.80771736028 0.14464718216749972
F 1302.7760180424089 406.86043747354614 0.3024398324562996
F 1338.125244915842 421.6216506405576 0.44317586994840275
F 1373.9179531969694 442.40162481032684 0.5216013023855437
F 1372.4577183669464 442.0831215954017 0.538222394329575
F 1404.5362490315506 464.07229339275693 0.6828265649866689
F 1434.1014621914387 491.93462469875766 0.7960481511405084
F 1463.1656646451318 526.0406140967036 0.8601882059109682
F 1485.2101482465132 559.0275343021164 1.0032677767601212
F 1485.5753572073852 557.50277857983 1.048854627543232
F 1499.425518889528 589.6787924833654 1.245305416574947
F 1507.8199952691953 624.357386736334 1.394643376888916
F 1509.992048923108 658.8859419759478 1.5717269392220032
F 1510.0621640141183 655.6177817130558 1.6063317241086166
F 1505.3933783393538 690.959926847493 1.7884102959644537
F 1493.116041704925 725.5965465424007 1.9310854402517954
F 1475.514033328829 757.6857664621054 2.065811623266124
F 1453.144828284919 791.7478360564519 2.1348137093268207
F 1455.4943535029004 790.0129626631893 2.201066871480897
F 1436.6940308886121 828.0095297405189 2.3158822198439823
F 1412.672749427472 864.4653914709885 2.395043974295138
F 1383.8592160601088 899.1907804594224 2.453453816672938
F 1386.9635403993723 898.0478893521243 2.4526449541022997
F 1354.9223524680253 928.1771933905148 2.469360736533888
F 1322.272844151353 957.4007866712354 2.4822269714852006
F 1288.754520192233 986.098193262441 2.4877482947023983
F 1290.5579015656372 986.0722292744177 2.487600353961742
F 1257.6226543787632 1013.1946359795764 2.4901733591315782
F 1224.1469565100456 1040.713746020658 2.490758817419847
F 1190.830971110581 1068.1925465192494 2.4861069072626787
F 1157.0749629304628 1096.4571854342685 2.4897319506444866
F 1122.6679346975384 1124.9190537557865 2.4900536455473032
F 1124.5675740137208 1124.8816123707388 2.4891499773167656
F 1090.7045220530258 1152.5930452852301 2.48916471396718
F 1057.2509106718314 1180.4206064617208 2.488712366916598
F 1023.1612610946826 1209.0472625204445 2.503215061592714
F 1023.9768039576531 1209.1096990748845 2.4970591501492363
F 987.7818467919877 1234.4113222941817 2.497421184444663
F 941.8638622667297 1257.0334625144012 2.5367433451866335
F 897.1664743782985 1270.9511130602918 2.637508121003698
F 861.729129970368 1279.0772517299145 2.7095117426904594
F 862.1728156429297 1279.8903700491771 2.754985658539459
F 832.4351381336248 1286.3232410007536 2.967853275882449
F 807.0831726469295 1286.4580476677977 -3.1172570503021766
F 786.160418786699 1284.7017898273034 -2.8857972616502896
F 787.1990913073091 1285.7420153583246 -2.852877537894867
F 765.3422219475002 1279.760950923898 -2.625758535465955
F 742.2726487081817 1266.0277877109 -2.457898310825115
F 719.9679483508356 1245.7450309566573 -2.3079577880093356
F 698.2647758953931 1225.0149073391492 -2.09744377095718
F 697.5509823093623 1225.438940890501 -2.0604820576357543
F 684.8562579909054 1196.1765839088284 -1.8030401487621988
F 688.257588275713 1162.3945506522502 -1.6635633815743902
F 684.3568634971105 1116.686418767559 -1.5645511384601092
F 683.3733717878505 1117.9288829796965 -1.4935251018737226
F 688.9733479121152 1071.5643775807166 -1.4220627520868017
F 697.0478120109982 1026.6968788534039 -1.3436610180703383
F 709.8216334918598 982.4561186331969 -1.309925683908406
F 724.1014559712809 939.1669631035913 -1.2983171984119697
F 723.9580860023046 940.8541810993253 -1.2990379131027499
F 738.5217175609366 898.9135517241973 -1.2992156394445697
F 753.1072532451423 856.9106442384134 -1.300749424714696
F 767.3612191789963 814.0179635033143 -1.302429840997339
F 781.3796373975216 768.4919303716631 -1.3029339484934772
F 781.372439160699 769.1463663087778 -1.3073391862048735
F 798.1139959935251 728.5191802622758 -1.2779973313506505
F 815.3020525151921 688.0280175087598 -1.2344899741845234
F 832.3645860239712 647.1527699684392 -1.1496757099869523
F 831.5672821263603 647.6857305922415 -1.1458312871229235
F 851.2967561837103 608.7083711476225 -1.0552142374612297
F 875.3480773827565 571.9778216221323 -0.9767256411438323
F 901.8300039690945 537.563127671154 -0.8903237730338787
F 900.8912865325207 537.9415977231417 -0.8872905821853649
F 929.9179617504805 507.453775384942 -0.7811868310082195
F 962.4815678307127 486.49509738168985 -0.6707835781512501
F 997.4213486961826 468.669991742708 -0.573693422498395
F 1032.2784567068168 453.0919045052193 -0.4532076071321809
F 1030.906249784975 453.7280579950206 -0.43505543504462674
F 1065.0702110904497 443.2556284003481 -0.30308022318004246
F 1099.6813252392778 437.71402863525276 -0.18919972375110783
F 1136.864911319971 435.7547027370532 -0.10651197151370395
F 1179.313497230698 433.4579708096734 -0.01082502740001079
F 1177.4742982587609 432.38273343878365 0.03803422147999225
F 1218.3385026621818 435.0315625936892 0.09063060317988159
F 1259.5135058573273 438.537464055013 0.1500414830658383
F 1301.096526975821 444.53847563414223 0.20702944039804105
F 1300.3022829825177 444.28859045994955 0.2163481844450179
F 1342.6933946352704 454.1151837598579 0.2338970544894181
F 1384.317992769948 464.80111051898774 0.24001797883087184
F 1427.2597762345058 476.44947504189213 0.23450199748132938
F 1471.992736789141 488.2007334396393 0.2397299783060074
F 1470.994198028883 488.9528080137315 0.23869080620463734
F 1512.3035025260028 500.31362642160315 0.23563267110055852
F 1554.4354335994217 514.483536538224 0.2614760388540778
F 1597.6609306821144 530.5866823334756 0.292432853260602
F 1596.617902951365 530.9049945910366 0.3099980721188462
F 1637.7339375003714 547.0759531154458 0.39861194693153434
F 1677.7552996553904 567.4210366779778 0.492434114333256
F 1716.948919231608 592.2425633595201 0.5332556623092493
F 1716.1809429774519 592.8951746752277 0.5335499719037893
F 1752.469866071113 619.8599982524851 0.6676300540865694
F 1784.0564416963236 654.2194033468751 0.7995518654106313
F 1809.7054601649781 692.4797494560298 0.8908201230527748
F 1832.734244735413 729.6487689295433 0.9932448044920026
F 1832.9497693587384 729.8537239821978 0.9987361110702384
F 1857.0505418945647 765.1906714922535 1.0712550841980448
F 1878.9156415846435 802.3297760284365 1.131260088734912
F 1895.503831563675 843.2917066327296 1.2372334686221365
F 1906.1305890751835 886.8561238223582 1.289257035141615
F 1905.1293689582735 884.2499910178135 1.291445944844157
F 1913.4921022643694 926.4338895746021 1.3889470620974276
F 1917.9060619834343 969.8888341989872 1.4799547651904676
F 1918.5904218454357 1014.7496486396942 1.5579702035245289
F 1918.873139444045 1011.4383770304523 1.5714339292093795
F 1916.2897086596527 1054.3634286160307 1.6581392224362945
F 1910.4202465188505 1097.4709301418623 1.7562851488851399
F 1899.4649101060543 1141.3942957850181 1.8415088585461667
F 1885.2126305090883 1182.7676200232384 1.914934129337892
F 1886.399679345653 1181.7115341184967 1.9330195674899828
F 1869.8700840594743 1222.1938180690763 2.037494739087901
F 1847.033419498195 1262.4839706682035 2.1002411973926574
F 1822.6960992182458 1301.1639068116058 2.172957355826263
F 1824.0109055622017 1300.5982411018654 2.1896026004382048
F 1797.5419128693402 1336.0053518595328 2.2831602859728086
F 1767.1691602475016 1368.7894575438545 2.3753631006627653
F 1732.0055439363205 1399.141502331161 2.4405254341384275
F 1695.743627962516 1426.3697216509565 2.5044359720015947
F 1697.1695450579462 1426.335503266331 2.5231262412704707
F 1662.3220395924147 1451.3485054904406 2.6046055647318243
F 1627.4755204884752 1476.4068220036818 2.6583403753289705
F 1588.6431636406517 1499.019966608287 2.679187452413192
F 1589.615057841127 1499.1619094332978 2.6796998762000497
F 1550.4326242787856 1519.1432043739073 2.676435256363069
F 1510.5485338170386 1539.9108182238158 2.681803991234508
F 1470.4972703984579 1560.3516566439262 2.6807182407949544
F 1429.7709665093105 1581.6130342408376 2.6962468288741928
F 1429.8923192095178 1581.4080436680745 2.686910629092793
F 1386.054296844442 1598.3397227633056 2.719102717870994
F 1342.7787992478206 1613.3027734773677 2.7670039614511737
F 1298.60529500957 1627.3138062959156 2.836391141014289
F 1299.0320911626434 1627.9236199527757 2.843558296553346
F 1257.1454361233355 1640.2743788399441 2.949547488055174
F 1214.4215192414385 1649.4857327268937 3.0111237550154026
F 1171.0019836434851 1659.8583430796325 3.0560885570493195
F 1127.2716382288447 1665.9655092387677 3.0760542701006006
F 1127.3172117889953 1666.7311850599851 3.076380452164676
F 1083.170763300645 1670.4296068848064 3.070896306403382
F 1038.260543944651 1675.3904810875472 3.079439488091415
F 992.8334082377979 1679.083201953113 3.086537249154407
F 992.9912727645467 1679.2711907481785 3.074017451966185
F 947.2873902652013 1683.4428695962172 3.074532234355263
F 902.8568506149885 1686.9712242222615 3.0614017512617764
F 857.6826377989449 1691.519023629905 3.062544021536562
F 857.7252933093799 1692.0215807964612 3.0571085016869413
F 812.8876335448248 1696.9195393080322 3.0477337855198865
F 767.7667984807453 1703.62589440764 3.0544870420104857
F 722.3712937318043 1709.4092454476925 3.0601737441566375
F 677.989987121639 1714.6700191738719 3.075911168152869
F 671.0324793854796 1714.8168367061369 3.0698048131042412
F 671.2160534008095 1714.353827171754 3.0554094117731694
F 671.4321582655708 1714.0355172841862 3.048052277499334
F 671.6452693491688 1713.79978135299 3.0435422275092234
F 671.9026157672648 1713.6236401163462 3.0407078527250366
F 672.1643127606094 1713.4532086156112 3.0388129959892884
F 672.4285847580691 1713.2883552093745 3.0375391924999775
F 672.6530275013008 1713.1404928388242 3.0366658028177476
