0.000000 0.000000 0.000000
0.000000 0.000000 0.000000
0.000000 0.000000 0.000000
0.000000 0.000000 0.000000
0.000000 0.000000 0.000000
0.000000 0.000000 0.000000
0.000000 0.000000 0.000000
0.000000 0.000000 0.000000
0.000000 0.000000 0.000000
0.000000 0.000000 0.000000
0.000000 0.000000 0.000000
0.000000 0.000000 0.000000
0.000000 0.000000 0.000000
0.000000 0.000000 0.000000
24.779000 0.000000 0.000000
69.102000 0.000000 0.000000
113.948462 -0.050488 -0.002252
158.969348 -0.151858 -0.002252
158.969348 -0.151858 -0.002252
203.641235 -0.252442 -0.002252
248.487697 -0.302931 0.000000
293.334159 -0.353419 -0.002252
338.180621 -0.403908 0.000000
338.180621 -0.403908 0.000000
383.027083 -0.454396 -0.002252
427.873545 -0.504884 0.000000
427.873545 -0.504884 0.000000
472.720007 -0.555373 -0.002252
517.566469 -0.605861 0.000000
562.412932 -0.656350 -0.002252
607.259394 -0.706838 0.000000
652.105856 -0.757327 -0.002252
652.105856 -0.757327 -0.002252
696.952318 -0.807815 0.000000
741.798780 -0.858304 -0.002252
786.819666 -0.959673 -0.002252
786.819666 -0.959673 -0.002252
831.491553 -1.060257 -0.002252
876.338015 -1.110746 0.000000
921.184477 -1.161234 -0.002252
966.205363 -1.262604 -0.002252
966.205363 -1.262604 -0.002252
1010.877250 -1.363188 -0.002252
1055.723712 -1.413677 0.000000
1100.570174 -1.464165 -0.002252
1100.570174 -1.464165 -0.002252
1145.416636 -1.514653 0.000000
1190.263098 -1.565142 -0.002252
1235.283984 -1.666512 -0.002252
1280.653869 -1.768667 -0.002252
1280.653869 -1.768667 -0.002252
1325.500331 -1.819156 0.000000
1370.346793 -1.869644 -0.002252
1415.193255 -1.920133 0.000000
1415.193255 -1.920133 0.000000
1460.039717 -1.970621 -0.002252
1504.886179 -2.021110 0.000000
1549.732641 -2.071598 -0.002252
1549.732641 -2.071598 -0.002252
1594.579104 -2.122087 0.000000
1639.425566 -2.172575 -0.002252
1684.270891 -1.920137 0.013510
1728.665772 0.832284 0.110329
1728.665772 0.832284 0.110329
1773.112160 7.896199 0.204897
1816.510613 19.130624 0.301716
1858.473927 34.400892 0.396284
1898.807817 53.565393 0.490852
1898.807817 53.565393 0.490852
1936.975687 76.406036 0.587671
1973.318114 103.243809 0.684490
2006.118113 132.768849 0.781310
2036.456858 165.774019 0.873626
2036.456858 165.774019 0.873626
2062.447475 203.101297 1.051503
2080.710027 243.604016 1.242890
2091.063679 286.102783 1.420768
2091.063679 286.102783 1.420768
2094.117087 326.957464 1.571626
2090.822089 368.840270 1.726987
2081.427570 409.077720 1.873342
2081.427570 409.077720 1.873342
2066.286854 447.334706 2.021948
2046.232091 482.466879 2.157045
2020.199429 515.661763 2.314658
1989.914141 544.024650 2.463265
1989.914141 544.024650 2.463265
1956.050217 567.392854 2.611871
1918.747604 585.557990 2.764981
1879.136439 597.911436 2.913587
1879.136439 597.911436 2.913587
1835.628978 607.235607 2.947361
1791.616050 615.841991 2.949613
1747.603122 624.448376 2.947361
1704.113557 633.003265 2.947361
1704.113557 633.003265 2.947361
1660.100629 641.609650 2.949613
1615.906736 650.199775 2.949613
1571.370255 658.856492 2.949613
1527.357326 667.462876 2.947361
1527.357326 667.462876 2.947361
1483.344398 676.069261 2.949613
1439.835682 684.526206 2.949613
1395.641789 693.116332 2.949613
1395.641789 693.116332 2.949613
1351.790484 701.639868 2.949613
1307.596591 710.229994 2.949613
1263.745286 718.753530 2.949613
1219.551393 727.343656 2.949613
1219.551393 727.343656 2.949613
1175.788350 735.390754 2.969877
1130.953513 740.947328 3.066697
1086.338536 740.471473 3.237819
1086.338536 740.471473 3.237819
1042.382586 731.930311 3.429206
1003.503948 716.960374 3.589071
967.484038 696.359225 3.733174
967.484038 696.359225 3.733174
935.237247 671.085522 3.879529
907.125732 641.755347 4.016877
882.976171 608.014411 4.165484
866.603913 574.893554 4.341110
866.603913 574.893554 4.341110
856.527707 539.715213 4.525742
852.998716 503.290286 4.705871
856.052585 466.822452 4.886000
856.052585 466.822452 4.886000
866.193319 430.401881 5.081890
882.841560 397.233798 5.273277
905.080368 368.173842 5.457910
933.526136 340.893810 5.579497
933.526136 340.893810 5.579497
967.952981 311.611994 5.577245
1001.848137 282.782408 5.579497
1035.908784 253.878085 5.579497
1035.908784 253.878085 5.579497
1070.601473 224.370155 5.577245
1104.762474 195.314454 5.579497
1138.923474 166.258753 5.577245
1138.923474 166.258753 5.577245
1172.653364 137.504225 5.577245
1206.814364 108.448524 5.579497
1240.975365 79.392823 5.577245
1275.136365 50.337122 5.579497
1309.297365 21.281421 5.577245
1309.297365 21.281421 5.577245
1343.558435 -7.925933 5.577245
1377.553915 -36.906874 5.577245
1411.814985 -66.114229 5.577245
1411.814985 -66.114229 5.577245
1446.207118 -95.166904 5.586252
1482.742662 -120.776992 5.757374
1520.475717 -136.021568 6.041077
1553.296823 -140.146509 6.275245
1553.296823 -140.146509 6.275245
1586.860205 -136.392163 6.513916
1617.508971 -125.397308 6.741329
1645.264770 -107.401316 6.975497
1645.264770 -107.401316 6.975497
1668.453360 -82.851803 7.218671
1684.731797 -54.452439 7.448335
1694.103257 -23.268960 7.675748
1696.301502 8.525206 7.894155
1696.301502 8.525206 7.894155
1691.373255 40.536549 8.119316
1679.293935 70.963256 8.344477
1657.758354 108.694758 8.400768
1657.758354 108.694758 8.400768
1634.579347 146.678442 8.403019
1611.266521 184.784869 8.403019
1587.771564 223.189002 8.403019
1564.640870 260.997722 8.403019
1564.640870 260.997722 8.403019
1541.145912 299.401855 8.403019
1517.650955 337.805988 8.403019
1494.338130 375.912415 8.403019
1470.843173 414.316548 8.403019
1470.843173 414.316548 8.403019
1445.456427 451.900574 8.493084
1417.007223 486.545641 8.589903
1385.342180 518.278323 8.686723
1385.342180 518.278323 8.686723
1350.923855 546.729679 8.781290
1313.684066 571.999788 8.875858
1274.659972 593.344608 8.972677
1274.659972 593.344608 8.972677
1233.500735 610.652498 9.080755
1190.096246 621.658285 9.272142
1145.738638 624.186851 9.463529
1104.523704 619.413352 9.616639
1104.523704 619.413352 9.616639
1065.086913 608.947262 9.751735
1027.920419 593.424544 9.889084
992.302051 572.141125 10.037690
957.931449 546.433873 10.096232
957.931449 546.433873 10.096232
922.956948 518.642294 10.096232
887.982446 490.850715 10.096232
853.281183 463.276258 10.096232
853.281183 463.276258 10.096232
817.928509 435.119185 10.098484
783.289421 407.466664 10.098484
748.104836 379.378671 10.098484
712.920250 351.290677 10.098484
712.920250 351.290677 10.098484
678.008413 323.420420 10.098484
643.834475 293.861695 10.177290
612.716262 261.834244 10.271858
612.716262 261.834244 10.271858
584.910109 227.116826 10.368677
560.208763 189.289830 10.465497
539.639241 150.047513 10.560065
539.639241 150.047513 10.560065
524.126590 107.838945 10.726684
516.390172 63.909528 10.915819
516.493051 21.553871 11.080187
522.371462 -19.889186 11.192768
522.371462 -19.889186 11.192768
531.191884 -64.037692 11.192768
539.875555 -107.501725 11.192768
550.188845 -151.136897 11.262568
563.891807 -193.455339 11.354884
563.891807 -193.455339 11.354884
581.782580 -234.748842 11.453955
603.710708 -274.248150 11.550774
629.016481 -311.041065 11.645342
629.016481 -311.041065 11.645342
657.833565 -345.380746 11.742161
689.427299 -376.443596 11.836729
724.792337 -405.114064 11.933548
761.427259 -429.407158 12.028116
761.427259 -429.407158 12.028116
801.115390 -450.625844 12.122684
842.989417 -468.041918 12.221755
886.018928 -481.226817 12.316323
886.018928 -481.226817 12.316323
929.597873 -490.135062 12.413142
974.180815 -494.825392 12.509961
1019.183167 -495.236070 12.604529
1063.328024 -491.455027 12.699097
1063.328024 -491.455027 12.699097
1107.391507 -484.151863 12.762142
1151.391129 -475.477711 12.759890
1195.571741 -466.819538 12.759890
1195.571741 -466.819538 12.759890
1239.409868 -458.228484 12.759890
1283.409491 -449.554331 12.762142
1327.409114 -440.880179 12.759890
1371.932211 -432.154889 12.759890
1371.932211 -432.154889 12.759890
1415.506609 -421.610301 12.847703
1457.112042 -407.423690 12.942271
1498.283656 -388.824327 13.039090
1498.283656 -388.824327 13.039090
1537.339106 -366.462481 13.133658
1574.289813 -341.369394 13.192200
1610.666439 -315.140617 13.189948
1646.759979 -289.115954 13.192200
1646.759979 -289.115954 13.192200
1682.965633 -262.948451 13.192200
1719.342259 -236.719673 13.189948
1755.718885 -210.490896 13.192200
1755.718885 -210.490896 13.192200
1792.661684 -183.853888 13.189948
1828.642849 -157.971769 13.189948
1865.019476 -131.742991 13.192200
1865.019476 -131.742991 13.192200
1901.507986 -105.371055 13.192200
1937.884612 -79.142277 13.189948
1974.261239 -52.913499 13.192200
2009.222432 -27.705297 13.189948
2014.459534 -23.929169 13.192200
2014.459534 -23.929169 13.192200
2014.459534 -23.929169 13.192200
2014.459534 -23.929169 13.192200
2014.459534 -23.929169 13.192200
2014.459534 -23.929169 13.192200
2014.459534 -23.929169 13.192200
2014.459534 -23.929169 13.192200
