F 1850.0 1897.0 3.717551306747922
F 1850.0 1897.0 3.717551306747922
F 1836.228854006548 1868.0029622687393 3.7304031199776575
F 1832.7625374141332 1861.562311261704 3.7304059948216857
F 1831.3480767210033 1858.9912649516352 3.7302509175180645
F 1830.473263337511 1857.0271211456652 3.7298718299132463
F 1830.0641486704617 1855.6414067581231 3.729464304164131
F 1829.588732954732 1854.7069770241662 3.729266443348648
F 1829.2882157021847 1854.108151352082 3.7291399499442837
F 1829.073153265717 1853.7131241212535 3.7290676902844186
F 1828.9265037366738 1853.4150007490027 3.7290058505441395
F 1828.847049050352 1853.0681849117082 3.7288295157718188
F 1828.7435571829824 1852.9126360583755 3.7288173856396933
F 1828.7215477849102 1852.7171527454432 3.7287403207568985
F 1808.1695919072197 1838.8281810117348 3.728630307645769
F 1772.7233382343427 1815.136656806226 3.7291266807339976
F 1738.593300102999 1792.2469297332057 -2.5579452970980814
F 1705.5021846012564 1769.7304306503843 -2.553321464105193
F 1710.1898103803728 1772.947216327131 -2.5604517502397695
F 1674.6064361422136 1750.0860436356747 -2.5593569466933936
F 1638.4834419590268 1727.0096811187855 -2.5590930727326646
F 1603.9529129854611 1704.8396104715277 -2.563898377726159
F 1571.1137223128 1683.4209195689352 -2.5614182830409864
F 1576.7773259541527 1687.071323251001 -2.5656631960818057
F 1541.3918935449256 1664.4143478562523 -2.5679766611581334
F 1505.4547207216362 1641.1434077477368 -2.5624160890331913
F 1506.9762162666084 1641.4867549558683 -2.5500738393184683
F 1468.6200905056287 1616.2570728533565 -2.5578172883152304
F 1431.1379251887768 1590.611046057068 -2.553614985534716
F 1395.9174684414272 1567.16000436337 -2.562610326767851
F 1362.0070519315054 1544.0794092736023 -2.559570268885508
F 1325.4186574626535 1519.1590361125093 -2.5567999191714326
F 1328.0127486569986 1520.4388593915646 -2.5459377161744996
F 1290.9566949432306 1495.4037450756664 -2.5475276508849336
F 1253.013878951484 1470.6560726457783 -2.5603743098627647
F 1217.4323531383347 1446.4141681057347 -2.551056178061147
F 1218.9521500355895 1447.5824088524337 -2.550693870502896
F 1181.9490663856027 1423.204011512626 -2.555183571414375
F 1144.9746080661737 1399.2986112173103 -2.5630602093323938
F 1109.0481931737913 1375.9719805867087 -2.567145785022186
F 1073.9280013018292 1353.1384203931302 -2.564649943601591
F 1076.2480784697132 1355.1810630519637 -2.5708131816425657
F 1039.7815078401245 1331.9062632715613 -2.5724886865028926
F 1004.1340791088177 1309.3817687522276 -2.57225660717342
F 969.6011345527997 1287.546746181704 -2.572962427551307
F 973.6430793476699 1290.6099247605946 -2.5722742215952312
F 937.9629909495161 1268.2282300030743 -2.5726240424123468
F 901.8606810793377 1246.1109550921533 -2.5813250985426026
F 866.83478176995 1224.5229052251887 -2.580148116319577
F 832.7420539401322 1203.608870704299 -2.5791297403089586
F 837.2573147678396 1207.6471075747509 -2.584759572719636
F 798.8730754208619 1184.5170914718728 -2.5873605155427293
F 762.8896904790395 1163.5418770450415 -2.595521317823642
F 726.4960136394468 1142.3020905137616 -2.5960935941123844
F 731.108793508126 1146.1051246364912 -2.598708389902066
F 692.3978399540575 1123.9997651567858 -2.608399298045737
F 653.1340829817716 1101.9627854252828 -2.6145943639779157
F 615.8078275081815 1081.66371704615 -2.6282540866096955
F 617.4723213752006 1082.9089467799581 -2.6307431914159625
F 578.1788431386832 1061.1194122596737 -2.62866538053028
F 540.1377250693091 1040.3313618518155 -2.6350775024072557
F 501.54052154699735 1019.0057288120925 -2.622082633988916
F 467.80427655494185 997.6279832761138 -2.53060314415182
F 469.7822778838905 1002.2281831123455 -2.59223622467905
F 432.8490336755258 978.7712845028423 -2.5122304971297162
F 398.1729367724208 950.7622401022223 -2.4135441812819503
F 366.47321118266416 918.3529142418163 -2.3082952389493694
F 339.2200798348804 884.8821896782994 -2.2146780222493088
F 340.3408970072109 885.8987390214334 -2.2156227572274068
F 315.276563080114 848.8263366650929 -2.121118611949651
F 294.0776913226283 810.0374915935021 -2.026867114875632
F 278.0486214661318 769.9012214911728 -1.9155756674215783
F 266.8508772818159 727.4177831831289 -1.8027015149727843
F 267.1461936762148 727.6360618666898 -1.796520272060065
F 260.9439714423882 682.5764305089086 -1.6186428527052263
F 252.64029778919357 646.1879952778645 -1.528183733242655
F 249.86345980006007 606.2632506161681 -1.4359755964595933
F 244.1795385719558 608.9236240200509 -1.5358607728969416
F 252.8290154782762 567.3096578382774 -1.3563737158163731
F 263.2848755606054 526.8195303111231 -1.2362093355819168
F 279.9392237275455 488.503856677732 -1.1058608834861898
F 280.05663882809847 488.38853726624393 -1.1354848551225638
F 302.4002930918921 452.0828461364409 -0.9793492550623029
F 329.4086146086078 419.6494208302238 -0.8391580997281167
F 358.30297025206505 389.3230525234255 -0.7189936184081
F 391.20923400975107 363.04859549324505 -0.595876113038794
F 390.5237652377169 362.73185237968437 -0.6329166263891878
F 427.4390459159413 341.30244593693277 -0.4768502671838366
F 468.3286889705561 325.39612317197503 -0.31506543530448416
F 506.6816797923985 312.5037633949661 -0.2219828386151419
F 507.2787160523119 312.64694846741884 -0.2364896189868915
F 555.1461924484664 305.1931413293254 -0.170257437880871
F 601.9722854208047 303.1329530183855 -0.11445438472845026
F 647.6353079163289 306.3995160245263 -0.04654436694123287
F 690.4055150455943 311.4701300682566 0.002705229017857698
F 689.4800013213917 315.33478852971814 0.03966124217416254
F 734.6836037463661 319.4754483117977 0.04781274008677139
F 780.2257309181894 323.34626014797914 0.04987264469870506
F 825.1104876697307 328.5311399653625 0.06348152721826926
F 867.2115777329439 333.1724172519853 0.06785973735199713
F 864.2421783005108 333.8784331511608 0.067471152829501
F 910.2117719798035 336.6059295136061 0.060985323294996174
F 954.6574992651784 339.0358209038897 0.05240047090981213
F 998.5623563897857 341.8233999679788 0.053738428964972856
F 994.4238581115442 342.27118940713655 0.06655331462295201
F 1040.4025621763165 344.71335878090565 0.05475884908906911
F 1083.9305421630906 347.193621536482 0.053352984435329154
F 1127.3570848332881 349.3758912929523 0.049871598391817575
F 1169.779909749252 351.694830242505 0.05242634428677079
F 1164.2784520900507 351.4229913214873 0.06697383590153438
F 1209.4450671890531 354.24479584766647 0.0748303909438186
F 1253.8578949051468 358.25169009681656 0.15096629567153252
F 1295.5153191421232 362.8188386014119 0.2538930068756553
F 1291.292691267462 358.3388609249598 0.15183033977521698
F 1334.3289243864665 369.11526214630584 0.33617471106991426
F 1372.6606609247813 384.49886373036594 0.4624728647848757
F 1409.0172080317536 405.4403013642494 0.587472904020431
F 1405.554945762575 402.5155573522117 0.5216377934041864
F 1440.2566530143915 428.0649839676481 0.6847008091594846
F 1469.327547326278 456.92750955023246 0.8203333196486091
F 1494.275692657263 488.2782004476051 0.9448271939789228
F 1511.7579596486123 512.7521119761673 1.035852919311493
F 1508.7033305849202 511.5029082138636 1.003069349046694
F 1522.3280261217858 548.7596123544167 1.2335230765733476
F 1530.8002559301472 588.1798365018507 1.4254714577647283
F 1535.0043260423201 627.3504478041782 1.574777801612453
F 1534.808310768142 630.4619628264161 1.571626747309462
F 1529.1223978556961 674.0677486894875 1.8023028317185066
F 1517.5987587406892 714.0363667281194 1.9799163037845853
F 1502.3168045099253 749.877246064767 2.115818301961151
F 1482.5022537758655 784.3990178127763 2.187397265670209
F 1485.4992526337185 779.8680912620661 2.1343869653963754
F 1454.8045988408433 819.5357828180465 2.1987255482981993
F 1420.4149960996779 850.7074720731636 2.317973432797128
F 1384.568075677908 878.1751971315402 2.3949127362222526
F 1382.925080009973 876.1617014809174 2.4533938958403394
F 1342.6321338000648 909.7188715293441 2.4503288593681747
F 1305.0053983493053 938.4904578285963 2.4715274031621135
F 1268.5162421764549 966.1475305821087 2.479876845495511
F 1267.9760340738533 966.0710448903338 2.4876712203343763
F 1231.4118427492128 994.0547372150863 2.4875224265342384
F 1194.7500413039927 1021.8214258825801 2.4923220223100753
F 1158.7099410000242 1049.4405119681528 2.48839150393016
F 1122.6624743761845 1077.3085456482643 2.4882309920002204
F 1088.0391059742851 1103.8011189929969 2.4873538739187264
F 1089.6784260052318 1102.5390648143264 2.489957599551304
F 1052.6540873999888 1130.8938356568067 2.4890494498066493
F 1017.604381017315 1157.7686576792823 2.489035813256074
F 982.1250077217086 1185.0522736093858 2.488583505252907
F 982.820977341052 1183.965148173334 2.5031956478147386
F 947.0594089471662 1211.1466431540707 2.5060159394475807
F 909.1284725518153 1235.4260996304401 2.6686322229682506
F 879.8539784507968 1255.009976972263 2.820508527416562
F 856.7867928534176 1269.5293629761832 2.87176563720785
F 865.2481075277385 1270.1579727287435 2.709274368228547
F 833.009905876919 1277.1116293567943 2.9936573436397182
F 803.60330064287 1278.085123867288 -3.0879478337931454
F 772.1182962976422 1274.24155282915 -2.883179064324412
F 773.0718592279842 1274.2861547439543 -2.8859716252413676
F 741.4885275739268 1259.795001490525 -2.609704052728989
F 717.6126825727885 1240.9884420178153 -2.3960366316348147
F 698.9537763435998 1220.2652715201446 -2.230429513691255
F 684.7968292537591 1198.3518727969856 -2.0895967764982375
F 689.1389361186065 1200.0504116658792 -2.0976257822871633
F 679.4462578800122 1170.0005600043758 -1.8353102076240835
F 676.4710494922936 1136.7036607167195 -1.577766003315002
F 671.9360878325793 1095.3739131616662 -1.6074306529637168
F 673.9107274613478 1097.0632259531553 -1.5649077427393165
F 681.2107163779152 1050.877554525569 -1.4912653790684136
F 691.0025062395657 1007.932445999976 -1.4221178501088676
F 705.7028804442645 963.7847930900504 -1.3436373950313028
F 719.050629051365 924.1346973428165 -1.3098810524695839
F 719.5139907692012 929.2066358818435 -1.2982762006602953
F 732.9906835755065 882.6759463548711 -1.2990006557291602
F 745.4574220086316 841.2043340559951 -1.299166706266784
F 757.9379615648918 799.3223608704853 -1.3006952446540008
F 770.1877081536747 759.1562640432109 -1.3023627988688522
F 769.924658036134 767.2339813726958 -1.3028354608177752
F 784.6931481414596 721.9943434767549 -1.2171970827467025
F 798.0249456983277 682.8346982176762 -1.1810881091924745
F 813.5352818288873 643.6342538181294 -1.1376475102253703
F 813.6476012128797 643.2655794969305 -1.1496724848253175
F 835.5066360528101 602.5863952138502 -1.0512401727340892
F 860.5321242251938 563.8184022586279 -0.9606058789368905
F 886.8417436499911 528.167435573862 -0.8798803871738303
F 886.7793674475165 528.1638927062091 -0.8902987922428396
F 918.085486771612 494.7626904798906 -0.7791721531147555
F 954.5713461025845 465.46465375421 -0.5896694895592969
F 990.4510172663461 439.45538974937153 -0.4792443355043914
F 1023.115295230509 418.42745365256206 -0.42049739788971685
F 1021.6834411533879 418.20880355951203 -0.4531998290449981
F 1062.794596048614 403.512968487334 -0.29985595291873146
F 1103.3392595235919 394.1835960336834 -0.1655725878087
F 1144.646631431551 389.1851356590552 -0.0404229533792293
F 1183.5224158680273 384.5980002895962 -0.04802998625090282
F 1182.4683887162228 387.01019017938944 -0.011021076735552495
F 1230.4375945299798 391.59715749847146 0.03808864193590162
F 1275.9882679522927 398.7095722406116 0.09061845576463516
F 1319.7773422061734 408.99465239207007 0.15003823699744423
F 1317.3996700145215 412.08598559850674 0.20706661923333297
F 1362.4634303375344 422.6411420279793 0.21868500767903498
F 1404.0427586743506 434.0469503460475 0.23399533360938982
F 1446.6850220747322 445.6111972673159 0.2401329020338193
F 1488.7536797587547 455.69597271720886 0.23461038150039693
F 1483.169890934306 455.51862488151835 0.23986028324360653
F 1527.7079145042624 466.32196972987424 0.2388178444294851
F 1573.0669123218604 478.885916756042 0.3146687081780395
F 1613.9917722013572 489.77183099057237 0.3562415367410088
F 1609.3990798558762 486.6106777105707 0.2924417740461355
F 1651.9174435064936 504.0465204541687 0.4069188328066864
F 1691.7087830453656 524.0146186156624 0.49554244237023415
F 1729.6437728713356 547.7367322783 0.587168501027262
F 1726.7225690216906 544.8463231319001 0.5333574497423277
F 1763.4088242816595 571.0408334839843 0.7002750417945567
F 1797.1086080737607 600.9931847768383 0.8569163585804009
F 1825.5875966150047 631.9556778166527 0.9640441153389041
F 1851.5878557441004 663.1816869244695 1.0033352468287546
F 1851.994249084874 663.0466282856323 0.9930241532221504
F 1875.9826949859803 701.2143999237613 0.9985410979706906
F 1895.0696787985291 743.4630873660404 1.0710850218030665
F 1910.4320024794267 787.437516256391 1.2009795512278645
F 1921.9272712534257 833.7129033626356 1.3295645372775073
F 1924.063615819252 836.7090917657092 1.28921003786979
F 1935.6279610138006 886.7175636094707 1.390482788117673
F 1942.3158086797196 936.8635514048498 1.4857470090883904
F 1944.5211288248547 985.8387588270355 1.5745006786114821
F 1944.511291474224 985.7393193001034 1.5578960829385862
F 1940.9850382250174 1038.050003079501 1.6682508572425778
F 1934.8356073087339 1086.241007502147 1.7526997659655743
F 1923.1376349516358 1132.338872823478 1.853150103965449
F 1909.1300813122243 1175.447339699045 1.9361136674033448
F 1909.531206513342 1176.6762284829115 1.9148745735379442
F 1888.891669951476 1220.2750707218242 2.0276219168508174
F 1864.140686957034 1261.9709876601494 2.1366403304252017
F 1839.9514772212294 1300.7665578288652 2.194824188883336
F 1840.1247843028264 1301.2183834862872 2.172890717589449
F 1810.1755857953522 1337.5533541468562 2.2864414444184114
F 1777.803355042298 1371.3344490194772 2.3799980054955094
F 1742.6514555611564 1402.2584931241975 2.4699734447420454
F 1708.4932576179915 1429.644408815572 2.5351005986975723
F 1710.2069828615158 1429.7254466462782 2.5043177932877114
F 1670.9798104523206 1454.9032302727833 2.586148789978097
F 1631.5658865665578 1477.5620250501888 2.6022453694355345
F 1589.2415738812656 1496.9905993998539 2.6582946929248448
F 1590.149536877651 1495.2604252506458 2.679173256931427
F 1548.9267113919775 1515.5804317094628 2.6796884388800097
F 1508.3861606663163 1535.4554171779105 2.6786562410552808
F 1469.240459062043 1554.6845153263932 2.679521714906376
F 1429.2097481165588 1574.5025922882437 2.6806961682840833
F 1430.274476441186 1573.1940774584514 2.69633024856984
F 1388.6448823526255 1591.4541952540922 2.7747607036782957
F 1348.6719330732099 1609.2063707835919 2.813718317396268
F 1307.8763390059212 1624.874690596742 2.8638097314569864
F 1310.0275944400819 1625.4105092889392 2.836302680679455
F 1266.3860535223534 1636.1852243091528 2.938074387369828
F 1221.9576915661276 1642.9040572452716 3.007995693783789
F 1178.3692286603057 1648.4587099537289 3.0087043651010354
F 1135.0897143462942 1649.7618833532395 3.0582421783615272
F 1136.4830418731772 1648.798457038558 3.076001186764144
F 1092.3537119161335 1651.6615118352552 3.076329126226079
F 1047.915632020438 1655.1673004898746 3.0685576667525574
F 1004.7493914238919 1657.5667746284873 3.0816257591356058
F 1006.93110567383 1657.5814530436514 3.0865284472317773
F 961.2013150512239 1661.4790279523027 3.07169217602136
F 918.1390088581951 1664.6839950853043 3.0744667124524008
F 873.9618663773815 1669.1139705067903 3.0635597872030047
F 874.8641595080637 1669.4228490486323 3.062476095059879
F 830.1511229415185 1673.7316878774805 3.0570123449789204
F 785.5918183615139 1678.6829317798667 3.0453358678154965
F 742.1452257977908 1682.4617576665028 3.056604672856688
F 700.3393767075173 1686.2680855920185 3.057812270538209
F 696.2026287618769 1686.2559162405616 3.078205226653443
F 696.962333788874 1687.2565761415185 3.0698199358646976
F 696.0808355539046 1688.4610779993795 3.0553612691705014
F 695.3657529118605 1689.2153593640571 3.0479778434159375
F 694.7536625573401 1689.7824392120497 3.043453049189798
F 694.1084420750266 1690.1975149666637 3.040610056122531
F 693.5191192840762 1690.5873659002048 3.0387095360805296
F 692.9633079895692 1690.9352595239056 3.037431759005114
