F 1850.0 1897.0 3.717551306747922
F 1850.0 1897.0 3.717551306747922
F 1850.0 1897.0 3.717551306747922
F 1850.0 1897.0 3.717551306747922
F 1850.0 1897.0 3.717551306747922
F 1850.0 1897.0 3.717551306747922
F 1850.0 1897.0 3.717551306747922
F 1850.0 1897.0 3.717551306747922
F 1850.0 1897.0 3.717551306747922
F 1850.0 1897.0 3.717551306747922
F 1850.0 1897.0 3.717551306747922
F 1850.0 1897.0 3.717551306747922
F 1850.0 1897.0 3.717551306747922
F 1829.2185819968804 1883.5043893513625 3.717551306747922
F 1792.0461864138354 1859.3643534023915 3.717551306747922
F 1754.4072805837475 1834.9815627403623 -2.56788561333489
F 1716.59437871717 1810.5464467506933 -2.56788561333489
F 1716.59437871717 1810.5464467506933 -2.56788561333489
F 1679.074600120876 1786.3007502648202 -2.56788561333489
F 1641.4356942907882 1761.917959602791 -2.5656340004316642
F 1603.7967884607003 1737.5351689407617 -2.56788561333489
F 1566.1578826306124 1713.1523782787324 -2.5656340004316642
F 1566.1578826306124 1713.1523782787324 -2.5656340004316642
F 1528.5189768005246 1688.7695876167031 -2.56788561333489
F 1490.8800709704367 1664.3867969546739 -2.5656340004316642
F 1490.8800709704367 1664.3867969546739 -2.5656340004316642
F 1453.2411651403488 1640.0040062926446 -2.56788561333489
F 1415.602259310261 1615.6212156306153 -2.5656340004316642
F 1377.963353480173 1591.238424968586 -2.56788561333489
F 1340.3244476500852 1566.8556343065568 -2.5656340004316642
F 1302.6855418199973 1542.4728436445275 -2.56788561333489
F 1302.6855418199973 1542.4728436445275 -2.56788561333489
F 1265.0466359899094 1518.0900529824983 -2.5656340004316642
F 1227.4077301598215 1493.707262320469 -2.56788561333489
F 1189.594828293244 1469.2721463308 -2.56788561333489
F 1189.594828293244 1469.2721463308 -2.56788561333489
F 1152.0750496969501 1445.026449844927 -2.56788561333489
F 1114.4361438668623 1420.6436591828976 -2.5656340004316642
F 1076.7972380367744 1396.2608685208684 -2.56788561333489
F 1038.984336170197 1371.8257525311994 -2.56788561333489
F 1038.984336170197 1371.8257525311994 -2.56788561333489
F 1001.464557573903 1347.5800560453263 -2.56788561333489
F 963.8256517438151 1323.197265383297 -2.5656340004316642
F 926.1867459137272 1298.8144747212677 -2.56788561333489
F 926.1867459137272 1298.8144747212677 -2.56788561333489
F 888.5478400836394 1274.4316840592385 -2.5656340004316642
F 850.9089342535515 1250.0488933972092 -2.56788561333489
F 813.096032386974 1225.6137774075403 -2.56788561333489
F 774.990007250113 1200.9892419140754 -2.56788561333489
F 774.990007250113 1200.9892419140754 -2.56788561333489
F 737.3511014200251 1176.606451252046 -2.5656340004316642
F 699.7121955899372 1152.2236605900168 -2.56788561333489
F 662.0732897598493 1127.8408699279876 -2.5656340004316642
F 662.0732897598493 1127.8408699279876 -2.5656340004316642
F 624.4343839297615 1103.4580792659583 -2.56788561333489
F 586.7954780996736 1079.075288603929 -2.5656340004316642
F 549.1565722695857 1054.6924979418998 -2.56788561333489
F 549.1565722695857 1054.6924979418998 -2.56788561333489
F 511.5176664394978 1030.3097072798705 -2.5656340004316642
F 473.87876060940994 1005.9269166178411 -2.56788561333489
F 436.4057939935476 981.2906892174968 -2.5521243230123094
F 400.6721899662606 954.8031298117837 -2.4553049681736
F 400.6721899662606 954.8031298117837 -2.4553049681736
F 367.24359593253416 924.6715941342295 -2.360737226238116
F 336.9652973930859 891.6131216400747 -2.2639178713994066
F 310.0886849911427 855.9515385034987 -2.169350129463923
F 286.69957359161987 817.9114244927347 -2.074782387528439
F 286.69957359161987 817.9114244927347 -2.074782387528439
F 267.12921021613647 777.967937696992 -1.9779630326897293
F 251.26678528981714 735.6663826504667 -1.8811436778510195
F 239.83888046460027 693.040440349079 -1.7843243230123098
F 232.3705720595154 648.8363115898002 -1.6920081939800518
F 232.3705720595154 648.8363115898002 -1.6920081939800518
F 230.9028990743795 603.3755166699397 -1.514130774625213
F 237.64599672234 559.4605802301396 -1.3227436778510195
F 252.10918018827027 518.1791119349797 -1.1448662584961808
F 252.10918018827027 518.1791119349797 -1.1448662584961808
F 271.7994315665802 482.25248851292656 -0.9940081939800516
F 297.3738597678487 448.92119569557724 -0.8386469036574709
F 327.167652232571 420.2918532960148 -0.6922920649477935
F 327.167652232571 420.2918532960148 -0.6922920649477935
F 360.7019735765638 396.4530696961136 -0.5436856133348904
F 396.65566517118293 377.91135723514753 -0.40858883914134214
F 436.56772219185774 364.2501888246564 -0.2509759359155357
F 477.41463771149057 356.95762028946774 -0.1023694843026326
F 477.41463771149057 356.95762028946774 -0.1023694843026326
F 518.5425502249776 355.8030104817641 0.046236967310270494
F 559.7205956439237 360.8849040630206 0.1993466447296255
F 599.6694832115801 372.09821960371573 0.3479530963425286
F 599.6694832115801 372.09821960371573 0.3479530963425286
F 641.2362173207904 387.97417347809056 0.3817272898909154
F 682.8359378812611 404.72741083226856 0.38397890279414115
F 724.4356584417318 421.48064818644656 0.3817272898909154
F 765.5684025179235 437.9920289210343 0.3817272898909154
F 765.5684025179235 437.9920289210343 0.3817272898909154
F 807.1681230783942 454.7452662752123 0.38397890279414115
F 848.9107583209668 471.61069968219977 0.38397890279414115
F 890.9769798832493 488.60687288303984 0.38397890279414115
F 932.57670044372 505.36011023721784 0.3817272898909154
F 932.57670044372 505.36011023721784 0.3817272898909154
F 974.1764210041907 522.1133475913958 0.38397890279414115
F 1015.2718836073437 538.717301410678 0.38397890279414115
F 1057.0145188499164 555.5827348176655 0.38397890279414115
F 1057.0145188499164 555.5827348176655 0.38397890279414115
F 1098.4335677727793 572.3174284308003 0.38397890279414115
F 1140.176203015352 589.1828618377878 0.38397890279414115
F 1181.595251938215 605.9175554509226 0.38397890279414115
F 1223.3378871807877 622.78298885791 0.38397890279414115
F 1223.3378871807877 622.78298885791 0.38397890279414115
F 1264.4234271723074 639.8691865768332 0.4042434189231736
F 1305.0514122330485 659.6278533790621 0.5010627737618831
F 1342.209511083612 684.3259970831308 0.6721853544070444
F 1342.209511083612 684.3259970831308 0.6721853544070444
F 1374.4222225619123 715.4293445255055 0.8635724511812377
F 1398.8753803246952 749.1590144131384 1.0234369673102695
F 1417.8640288672561 786.0544407197269 1.1675401931167215
F 1417.8640288672561 786.0544407197269 1.1675401931167215
F 1431.1434179032449 824.8136122683609 1.3138950318263989
F 1438.7453604531945 864.722595604061 1.4512434189231733
F 1440.6222555952843 906.17291922082 1.599849870536076
F 1436.314274306963 942.8673773091283 1.7754756769876892
F 1436.314274306963 942.8673773091283 1.7754756769876892
F 1425.6053940305733 977.8583120509143 1.9601079350522053
F 1408.7266184840228 1010.3288521526733 2.14023696731027
F 1386.3036227172888 1039.2500951981547 2.3203659995683346
F 1386.3036227172888 1039.2500951981547 2.3203659995683346
F 1357.9628226342477 1064.2719170332366 2.5162563221489798
F 1325.9358002110937 1083.0217294119393 2.7076434189231735
F 1291.4575799789827 1095.2813362777415 2.8922756769876896
F 1252.743181056193 1102.6676210442683 3.0138627737618826
F 1252.743181056193 1102.6676210442683 3.0138627737618826
F 1207.922379902591 1108.4752144552635 3.0116111608586564
F 1163.7937918942177 1114.193115303929 3.0138627737618826
F 1119.485706822316 1119.8835617944176 3.0138627737618826
F 1119.485706822316 1119.8835617944176 3.0138627737618826
F 1074.3187990960985 1125.736001486579 3.0116111608586564
F 1029.8441045151103 1131.4987486164105 3.0138627737618826
F 985.3694099341222 1137.26149574624 3.0116111608586564
F 985.3694099341222 1137.26149574624 3.0116111608586564
F 941.4203057879422 1143.00645647267 3.0116111608586564
F 896.9456112069541 1148.7692036025014 3.0138627737618826
F 852.4709166259661 1154.5319507323309 3.0116111608586564
F 807.996222044978 1160.2946978621624 3.0138627737618826
F 763.52152746399 1166.0574449919918 3.0116111608586564
F 763.52152746399 1166.0574449919918 3.0116111608586564
F 718.8803114414922 1171.8928775408851 3.0116111608586564
F 674.5851513571532 1177.6830741785468 3.0116111608586564
F 629.9439353346554 1183.5185067274401 3.0116111608586564
F 629.9439353346554 1183.5185067274401 3.0116111608586564
F 585.2770447376447 1189.152832268198 3.0206176124715594
F 540.6875053395081 1190.7325755628838 -3.091445114062866
F 500.7391113152864 1182.9668581369986 -2.8077418882564147
F 470.96641211272356 1168.550669682374 -2.5735741463209307
F 470.96641211272356 1168.550669682374 -2.5735741463209307
F 444.86255461482824 1147.1220816613022 -2.3349031785789953
F 425.1465640028845 1121.208506887485 -2.107490275353189
F 411.669911907036 1090.9989064986519 -1.873322533417705
F 411.669911907036 1090.9989064986519 -1.873322533417705
F 405.5929473058271 1057.7805405431088 -1.630148339869318
F 407.40810325685555 1025.0969576889881 -1.4004838237402857
F 416.532275581395 993.8402284493416 -1.1730709205144791
F 432.00501613133525 965.97814767662 -0.954664468901576
F 432.00501613133525 965.97814767662 -0.954664468901576
F 453.5728190893715 941.815292011097 -0.7295031785789954
F 480.274961023999 922.8761775508144 -0.5043418882564148
F 518.8862677709051 902.9609953522363 -0.44805156567576976
F 518.8862677709051 902.9609953522363 -0.44805156567576976
F 559.0132163568531 883.729389415425 -0.44579995277254403
F 599.3192444783516 864.4677259081113 -0.44579995277254403
F 639.9401634445492 845.0555806546467 -0.44579995277254403
F 679.9313007213484 825.9443988934839 -0.44579995277254403
F 679.9313007213484 825.9443988934839 -0.44579995277254403
F 720.5522196875461 806.5322536400193 -0.44579995277254403
F 761.1731386537438 787.1201083865548 -0.44579995277254403
F 801.4791667752422 767.8584448792411 -0.44579995277254403
F 842.1000857414399 748.4462996257765 -0.44579995277254403
F 842.1000857414399 748.4462996257765 -0.44579995277254403
F 883.860929326524 730.7522955120259 -0.3557354366435117
F 926.5894961852938 717.1910440842854 -0.2589160818048022
F 970.4288921603312 707.8237965357989 -0.16209672696609267
F 970.4288921603312 707.8237965357989 -0.16209672696609267
F 1014.790247911727 702.7080442050734 -0.06752898503060889
F 1059.785251222936 701.7969907578456 0.027038756904874894
F 1104.1388325484893 705.1497632892984 0.12385811174358441
F 1104.1388325484893 705.1497632892984 0.12385811174358441
F 1148.0844256982375 713.0510726622622 0.23193553109842302
F 1190.4806743206302 727.4606217757347 0.42332262787261676
F 1229.0592499036698 749.498872940138 0.6147097246468105
F 1261.0251676858109 775.949528267396 0.7678194020661655
F 1261.0251676858109 775.949528267396 0.7678194020661655
F 1288.3994031955872 806.205945213031 0.9029161762597138
F 1311.1155696093135 839.4667153129213 1.0402645633564882
F 1329.3958649433953 876.7156463822446 1.1888710149693917
F 1344.220305000606 916.9951335885099 1.2474129504532625
F 1344.220305000606 916.9951335885099 1.2474129504532625
F 1358.4160112106645 959.35159129212 1.2474129504532625
F 1372.611717420723 1001.7080489957301 1.2474129504532625
F 1386.6965196760152 1043.7335968735308 1.2474129504532625
F 1386.6965196760152 1043.7335968735308 1.2474129504532625
F 1401.0103257192625 1086.6025520023236 1.2496645633564878
F 1415.0004670853693 1128.6597068461351 1.2496645633564878
F 1429.2109256383442 1171.3791790890618 1.2496645633564878
F 1443.421384191319 1214.0986513319885 1.2496645633564878
F 1443.421384191319 1214.0986513319885 1.2496645633564878
F 1457.52168415086 1256.4869648753577 1.2496645633564878
F 1470.083525655259 1299.889458313383 1.3284710149693915
F 1478.7380547021226 1343.698132488576 1.4230387569048748
F 1478.7380547021226 1343.698132488576 1.4230387569048748
F 1483.1497954056688 1387.958925567946 1.5198581117435843
F 1483.2640291764915 1433.13663062855 1.6166774665822938
F 1479.1421837299524 1477.2509716220002 1.7112452085177772
F 1479.1421837299524 1477.2509716220002 1.7112452085177772
F 1469.1637539608505 1521.098850760759 1.8778645633564865
F 1451.726385414877 1562.154714728197 2.067000047227454
F 1428.5715589227916 1597.6211259914705 2.231367789162938
F 1401.0700022838055 1629.1765860442986 2.3439484343242283
F 1401.0700022838055 1629.1765860442986 2.3439484343242283
F 1369.6275741265629 1661.3986926262191 2.3439484343242283
F 1338.6726254756343 1693.1212316642338 2.3439484343242283
F 1306.2577554376735 1724.0997457972628 2.413748434324228
F 1271.7172088894142 1752.127809520972 2.506064563356486
F 1271.7172088894142 1752.127809520972 2.506064563356486
F 1234.2226904908139 1777.0154417167519 2.605135531098422
F 1194.3193504629164 1798.1994342232485 2.7019548859371314
F 1153.0572848148695 1815.2740570438991 2.7965226278726156
F 1153.0572848148695 1815.2740570438991 2.7965226278726156
F 1110.1865145643785 1828.378828091894 2.893341982711325
F 1066.7717389643103 1837.2231455198976 2.9879097246468085
F 1021.4970668120079 1842.0070429865402 3.084729079485518
F 977.5414678934679 1842.428137456827 -3.103888485758585
F 977.5414678934679 1842.428137456827 -3.103888485758585
F 932.6996762831461 1838.6079193300852 -3.009320743823101
F 888.0956880263345 1830.4080386749547 -2.910249776081166
F 844.8270934805042 1818.030273634853 -2.815682034145682
F 844.8270934805042 1818.030273634853 -2.815682034145682
F 803.4269368058648 1801.766562884676 -2.7188626793069726
F 763.4819983447328 1781.4185935160356 -2.622043324468263
F 725.5161788352658 1757.2529797159686 -2.5274755825327793
F 690.5524901839209 1730.0389177798413 -2.4329078405972955
F 690.5524901839209 1730.0389177798413 -2.4329078405972955
F 657.5753325575073 1699.9152765785664 -2.369862679306973
F 625.3984260386028 1668.6766082422243 -2.3721142922101985
F 593.0610256582816 1637.3527678384232 -2.3721142922101985
F 593.0610256582816 1637.3527678384232 -2.3721142922101985
F 560.9743028002883 1606.2717479028688 -2.3721142922101985
F 528.7973962813838 1575.0330795665268 -2.369862679306973
F 496.62048976247934 1543.7944112301848 -2.3721142922101985
F 464.03241185983 1512.2277503581372 -2.3721142922101985
F 464.03241185983 1512.2277503581372 -2.3721142922101985
F 433.23084059215984 1479.6519968752955 -2.284301388984392
F 406.06417026723193 1445.0941610012546 -2.189733647048908
F 381.66468914742336 1407.0717543838216 -2.0929142922101986
F 381.66468914742336 1407.0717543838216 -2.0929142922101986
F 361.0891665396392 1367.0464097784848 -1.9983465502747149
F 343.7663711022769 1325.8767792910094 -1.9398046147908439
F 327.5435814995264 1284.067344828685 -1.9420562276940696
F 311.4470392866806 1242.5832756150946 -1.9398046147908439
F 311.4470392866806 1242.5832756150946 -1.9398046147908439
F 295.33426638792616 1200.9183487159248 -1.9398046147908439
F 279.1114767851757 1159.1089142536005 -1.9420562276940696
F 262.8886871824252 1117.299479791276 -1.9398046147908439
F 262.8886871824252 1117.299479791276 -1.9398046147908439
F 246.41340279986537 1074.8393148314838 -1.9420562276940696
F 230.333471172159 1033.5359962257314 -1.9420562276940696
F 214.1106815694085 991.7265617634071 -1.9398046147908439
F 214.1106815694085 991.7265617634071 -1.9398046147908439
F 197.87202763238258 949.7361276228374 -1.9398046147908439
F 181.6492380296321 907.9266931605131 -1.9420562276940696
F 165.42644842688162 866.1172586981887 -1.9398046147908439
F 149.83489577365452 825.9346504795346 -1.9420562276940696
F 147.4993190604181 819.915393377955 -1.9398046147908439
F 147.4993190604181 819.915393377955 -1.9398046147908439
F 147.4993190604181 819.915393377955 -1.9398046147908439
F 147.4993190604181 819.915393377955 -1.9398046147908439
F 147.4993190604181 819.915393377955 -1.9398046147908439
F 147.4993190604181 819.915393377955 -1.9398046147908439
F 147.4993190604181 819.915393377955 -1.9398046147908439
F 147.4993190604181 819.915393377955 -1.9398046147908439
