M 204 20795 20795 3000 0 16067 16066 3000 0 0 0 6000 0
M 524 20795 20794 3000 0 16067 16066 3000 0 0 0 6000 0
M 735 20795 20795 3000 0 16067 16066 3000 0 0 0 6000 0
M 995 20795 20795 3000 0 16067 16067 3000 0 0 0 6000 0
M 995 20795 20795 3000 0 16067 16067 3000 0 0 0 6000 0
M 1233 20795 20795 3000 0 16067 16067 3000 0 0 0 6000 0
M 1499 20795 20795 3000 0 16067 16067 3000 0 0 0 6000 0
M 1763 20795 20795 3000 0 16067 16067 3000 0 0 0 6000 0
M 1763 20795 20795 3000 0 16067 16067 3000 0 0 0 6000 0
M 2025 20795 20795 3000 0 16067 16066 3000 0 0 0 6000 0
M 2276 20795 20795 3000 0 16067 16066 3000 0 0 0 6000 0
M 2533 20795 20794 3000 0 16067 16067 3000 0 0 0 6000 0
M 2533 20795 20794 3000 0 16067 16067 3000 0 0 0 6000 0
M 2834 20866 20857 3000 500 16138 16129 3000 500 0 0 6000 0
M 3084 20993 20994 3000 500 16265 16267 3000 500 0 0 6000 0
M 3300 21122 21124 3000 500 16393 16395 3000 500 0 0 6000 0
M 3548 21251 21252 3000 500 16522 16523 3000 500 0 0 6000 0
M 3548 21251 21252 3000 500 16522 16523 3000 500 0 0 6000 0
M 3804 21379 21380 3000 500 16650 16652 3000 500 0 0 6000 0
M 4094 21507 21509 3000 500 16779 16780 3000 500 0 0 6000 0
